% Beginner
201 1800
202 1800
203 1800
204 1800
205 1800
206 1800
207 1800
208 1800
209 1800
210 1800
$

% Advanced
221 1800
222 1800
223 1800
224 1800
225 1800
226 1800
227 1800
228 1800
229 1800
230 1800
231 1800
232 1800
233 1800
234 1800
235 1800
236 1800
237 1800
238 1800
239 1800
240 1800
241 1800
242 1800
243 1800
244 1800
245 1800
246 1800
247 1800
248 1800
249 1800
250 1800
$

% Expert
261 1800
262 1800
263 900
264 1800
265 1800
266 1800
267 1800
268 1800
269 1800
270 1800
271 1800
272 1800
273 1800
274 1800
275 1800
276 1800
277 1800
278 1800
279 1800
280 1800
281 1800
282 1800
283 1800
284 1800
285 1800
286 1800
287 1800
288 1800
289 1800
290 1800
291 1800
292 1800
293 1800
294 1800
295 1800
296 1800
297 1800
298 1800
299 1800
300 1800
301 1800
302 1800
303 1800
304 1800
305 1800
306 1800
307 1800
308 1800
309 1800
310 1800
$

% Beginner Extra
211 1800
212 1800
213 1800
214 1800
215 1800
216 1800
217 1800
218 1800
219 1800
220 1800
$

% Advanced Extra
251 1800
252 1800
253 1800
254 1800
255 1800
256 1800
257 1800
258 1800
259 1800
260 900
$

% Expert Extra
311 1800
312 1800
313 1800
314 1800
315 1800
316 1800
317 1800
318 1800
319 1800
320 1800
$

% Master
321 1800
322 1800
323 1800
324 1800
325 1800
326 1800
327 1800
328 1800
329 1800
330 1800
$

% Master Extra
331 1800
332 1800
333 1800
334 1800
335 1800
336 1800
337 1800
338 1800
339 1800
340 1800
$


